tree
version=v4
num_class=1
num_tree_per_iteration=1
label_index=0
max_feature_idx=33
objective=binary sigmoid:1
feature_names=amount transdate_day hour dow is_weekend day_of_month month is_night is_business_hours log_amount amount_squared amount_sqrt beneficiary_unique_users beneficiary_tx_count is_new_beneficiary amount_rolling_mean amount_rolling_std amount_rolling_count amount_count amount_mean amount_std amount_sum amount_min amount_max beneficiary_id_nunique hour_mean hour_std amount_per_user_mean amount_per_user_std hour_diff_from_mean beneficiary_amount_mean beneficiary_amount_std beneficiary_amount_count beneficiary_src_account_id_nunique
feature_infos=[-50000:5024700] [0:244] [0:23] [0:6] [0:1] [1:31] [1:12] [0:1] [0:1] [0:15.429876507651509] [9:25247610090000] [0:2241.584261186717] [0:3] [1:224] [0:1] [0:3757075] [0:2150205.9902793807] [0:5] [0:243] [0:1341836.5] [0:1693356.8289989645] [0:33013782.379999999] [-50000:980000] [0:5024700] [0:77] [0:23] [0:9.0301638772019412] [-2.8413234564393428:41.663402670439773] [-2.3913159242898754:11.145927805372265] [0:16.666666666666668] [0:5000000] [0:2150205.9902793807] [1:224] [0:3]
tree_sizes=1559 1679 1588 1278 1478 1381 1278 1478 1289 1392 1184 1503 1293 1293 1405 1413 1516 1518 1519

Tree=0
num_leaves=14
num_cat=0
split_feature=13 0 6 6 22 2 0 6 18 26 2 25 0
split_gain=526579 59579.6 10528.3 6957.52 4373.6 10540.8 4318.22 3692.32 18034.6 3170.93 1246.92 4834.52 3215.17
threshold=3.5000000000000004 9805.0000000000018 11.500000000000002 1.5000000000000002 15.500000000000002 20.500000000000004 29004.000000000004 4.5000000000000009 22.500000000000004 3.6912014500262349 10.500000000000002 16.438916256157636 10995.000000000002
decision_type=2 2 2 2 2 2 2 2 2 2 2 2 2
left_child=1 -1 3 -3 5 -2 -7 8 9 -5 11 -9 -12
right_child=4 2 -4 7 -6 6 -8 10 -10 -11 12 -13 -14
leaf_value=-4.685715659273928 -4.6857006342876817 -4.6849087901837461 -4.6852200307141318 -4.683864231000392 -4.6858100414208685 -4.6846655956746233 -1.5704988618271063 -4.6847599342160988 -4.6855188558921688 -1.5580803972425761 -4.6838033160596195 -1.4886757525054919 -1.5197347645166612
leaf_weight=5.8875818829983464 5.1318067125976077 0.65313903614878555 0.99836966954171558 0.29857784509658714 76.902456227689981 0.51318067125976119 1.8129030410200355 0.55983345955610198 2.0060698967427006 12.699651844799517 0.28924728743731876 1.7662502527236938 145.27761263586581
leaf_count=631 550 70 107 32 8242 55 6 60 215 43 31 1 318
internal_value=-2.67997 -1.72052 -1.61443 -1.59568 -4.61851 -3.92537 -2.25486 -1.58329 -2.03818 -1.62987 -1.53732 -2.25486 -1.52603
internal_weight=254.797 170.436 164.549 163.55 84.3603 7.45789 2.32608 162.897 15.0043 12.9982 147.893 2.32608 145.567
internal_count=10361 1508 877 770 8853 611 61 700 290 75 410 61 349
is_linear=0
shrinkage=1


Tree=1
num_leaves=15
num_cat=0
split_feature=13 1 0 1 24 30 1 1 27 18 21 1 22 1
split_gain=2335.91 889.499 238.846 95.105 47.0589 37.4695 212.175 487.529 35.6785 19.8348 15.975 122.029 12.981 5.05214
threshold=3.5000000000000004 240.50000000000003 9805.0000000000018 67.500000000000014 16.500000000000004 74227.780000000013 197.50000000000003 71.500000000000014 0.5358139543623367 3.5000000000000004 10118732.000000002 220.50000000000003 8.0000000000000018 93.500000000000014
decision_type=2 2 2 2 2 2 2 2 2 2 2 2 2 2
left_child=2 -2 -1 -4 -3 6 7 -5 -7 -8 13 -12 -11 -10
right_child=1 4 3 5 -6 8 9 -9 10 12 11 -13 -14 -15
leaf_value=-0.030171510329566845 -0.030322488928915672 -0.029713273123302249 -0.031555375435497739 0.17111970138880553 0.17357993823188603 -0.035254692047904872 -0.034995264127696137 -0.035641904636085506 0.17217475214476985 -0.034377548171789521 -0.036103709952784342 0.16388413402823471 0.16293978522634858 0.16594158995999156
leaf_weight=5.7157329032197586 79.703013349324465 1.0597147829830671 2.2333458047360173 27.367851273156703 27.058531886897981 0.78719090204685827 0.4509070971980681 16.410900076851249 136.18296451400965 0.29456025362014671 3.0344484569504884 28.321583956480026 483.8794163307175 1822.8567583160475
leaf_count=631 8726 117 187 5 10 11 4 339 12 2 31 4 105 177
internal_value=0.157612 0.0208573 0.163446 0.163885 0.1659 0.164058 0.156917 0.0936158 0.165953 0.162633 0.166032 0.144516 0.162818 0.166376
internal_weight=2635.36 107.821 2527.54 2521.82 28.1182 2519.59 528.404 43.7788 1991.18 484.625 1990.4 31.356 484.174 1959.04
internal_count=10361 8853 1508 877 127 690 455 344 235 111 224 35 107 189
is_linear=0
shrinkage=0.03


Tree=2
num_leaves=14
num_cat=0
split_feature=13 1 0 1 2 30 1 29 27 16 0 28 30
split_gain=1759.75 757.066 185.647 74.0917 36.4112 25.7811 154.811 396.855 27.9406 24.0825 6.02435 6.02525 5.73494
threshold=3.5000000000000004 240.50000000000003 9805.0000000000018 67.500000000000014 20.500000000000004 74227.780000000013 197.50000000000003 0.091374589266155062 0.5358139543623367 3489.5335624518066 39768.400000000009 -0.71065314418400127 46152.512195121955
decision_type=2 2 2 2 2 2 2 2 2 2 2 2 2
left_child=2 -2 -1 -4 -3 6 7 -5 -7 -8 -10 -12 -11
right_child=1 4 3 5 -6 8 9 -9 10 12 11 -13 -14
leaf_value=-0.030160138260019401 -0.030312907295549914 -0.029697428374187297 -0.031502330130625249 0.14893288947319006 0.15068108587854248 -0.035031550917800885 -0.035999476626501679 -0.035463860075970501 -0.033834488671019236 0.1435386618071692 -0.033834488671019236 0.14516086545519821 0.13041452618477697
leaf_weight=5.5488714324310413 77.37151656486094 1.035966202616694 2.1709515573456875 30.454415378160775 30.184488964267075 0.76878099702298541 0.67318094614893098 16.023848507553339 0.16312298178672691 501.23539421986789 0.16312298178672691 2204.6894537005574 33.768197201192379
leaf_count=631 8726 116 187 6 11 11 8 338 1 81 1 222 22
internal_value=0.138496 0.0200035 0.143099 0.143444 0.144679 0.14358 0.137929 0.0853599 0.145071 0.142487 0.145134 0.145147 0.142713
internal_weight=2904.25 108.592 2795.66 2790.11 31.2205 2787.94 582.155 46.4783 2205.78 535.677 2205.02 2204.85 535.004
internal_count=10361 8853 1508 877 127 690 455 344 235 111 224 223 103
is_linear=0
shrinkage=0.03


Tree=3
num_leaves=11
num_cat=0
split_feature=13 1 0 25 27 1 25 21 20 30
split_gain=1378.76 658.482 149.829 29.6669 24.2833 57.8181 38.8357 20.7347 127.191 16.4782
threshold=3.5000000000000004 240.50000000000003 9805.0000000000018 15.725142857142858 0.13063183153133459 67.500000000000014 11.947368421052634 10118732.000000002 129648.66057746588 8743.7500000000018
decision_type=2 2 2 2 2 2 2 2 2 2
left_child=2 -2 -1 -3 -4 -6 -7 9 -9 -8
right_child=1 3 4 -5 5 6 7 8 -10 -11
leaf_value=-0.030148919246599848 -0.030303577163423873 -0.02968790075487638 -0.033400801269903919 0.13383194962974487 -0.031494602757048212 -0.037061423589433512 -0.034873168074230798 0.12685088145906351 -0.03717306756586658 0.12865086160979289
leaf_weight=5.3868546681478611 75.107614878565073 1.0233133239671577 0.83089904207736154 32.923740641213953 2.0335920751094809 1.2714255349710573 0.54801596235483785 34.254513575695455 4.8505203006789079 2982.4678834537044
leaf_count=631 8726 116 35 11 178 18 13 8 51 574
internal_value=0.124061 0.0192544 0.127831 0.128887 0.128113 0.128157 0.128265 0.128335 0.106494 0.128621
internal_weight=3140.7 109.055 3031.64 33.9471 3026.26 3025.43 3023.39 3022.12 39.105 2983.02
internal_count=10361 8853 1508 127 877 842 664 646 59 587
is_linear=0
shrinkage=0.03


Tree=4
num_leaves=13
num_cat=0
split_feature=13 22 0 5 27 25 30 25 16 21 20 0
split_gain=1112.22 483.217 124.315 112.782 20.2663 32.9136 17.5745 88.5151 40.9697 8.77164 81.2654 13.1422
threshold=3.5000000000000004 15.500000000000002 9805.0000000000018 28.500000000000004 0.13063183153133459 11.947368421052634 74227.780000000013 13.394444444444447 3489.5335624518066 10118732.000000002 129648.66057746588 39768.400000000009
decision_type=2 2 2 2 2 2 2 2 2 2 2 2
left_child=2 3 -1 -2 -4 -6 7 -7 -9 11 -11 -8
right_child=1 -3 4 -5 5 6 9 8 -10 10 -12 -13
leaf_value=-0.030137841660300986 -0.030699607481624112 -0.030244104926043965 -0.033258768662609975 0.11903207382204092 -0.036701196812323547 -0.036875799563358805 -0.035943461401607195 -0.035326979200363422 0.11307319472148572 0.11636710671189893 -0.03673477579229098 0.11764346061567672
leaf_weight=5.2295450968667856 5.1759435106068841 68.317836881615222 0.80977588519453902 35.7568692965433 1.2595311794430006 3.5723050450906149 0.494393615052103 1.6712336996570218 667.61808034032583 36.281025969423354 3.4060158310458055 2519.170776443556
leaf_count=631 564 8242 35 47 20 66 5 43 441 6 36 225
internal_value=0.11274 0.0185893 0.115915 0.100088 0.116152 0.116189 0.116249 0.111907 0.112702 0.11739 0.103214 0.117613
internal_weight=3348.76 109.251 3239.51 40.9328 3234.28 3233.47 3232.21 672.862 669.289 2559.35 39.687 2519.67
internal_count=10361 8853 1508 611 877 842 822 550 484 272 42 230
is_linear=0
shrinkage=0.03


Tree=5
num_leaves=12
num_cat=0
split_feature=28 5 27 22 27 13 1 18 23 0 13
split_gain=25534.4 13825.6 3055.53 15223.8 3535.39 858.602 209.709 206.637 162.539 145.385 60.7108
threshold=-0.97768205109105188 3.5000000000000004 0.048290089768134696 1550.0000000000002 0.046533790942238841 36.500000000000007 67.500000000000014 5.5000000000000009 4000000.0000000005 9805.0000000000018 3.5000000000000004
decision_type=2 2 2 2 2 2 2 2 2 2 2
left_child=1 7 3 -2 -5 6 -4 -1 9 -8 -11
right_child=2 -3 5 4 -6 -7 8 -9 -10 10 -12
leaf_value=3.6741543820089988 -0.030376937252429945 -0.031387655940378276 -0.030720335943395502 -0.02811765425496484 3.674154382008997 -0.030281122404651688 -0.030159089831751373 3.0739776821192346 0.18205199693272814 0.10759270785034766 0.074373308009752628
leaf_weight=1.5230214595794671 5.9541484592482439 1.600104679353535 9.9143619928508979 0.27319226413965192 1.5230214595794678 41.472404172644019 6.9503848403692237 1.8187060439959166 26.074371536262333 3432.9572364073247 50.395257188007236
leaf_count=1 709 146 1113 34 1 5106 863 14 24 671 1623
internal_value=0.109688 2.26248 0.106706 0.701362 3.11386 0.105413 0.107009 3.35775 0.107397 0.106839 0.107112
internal_weight=3580.46 4.94183 3575.51 7.75036 1.79621 3567.76 3526.29 3.34173 3516.38 3490.3 3483.35
internal_count=10305 161 10144 744 35 9400 4294 15 3181 3157 2294
is_linear=0
shrinkage=0.03


Tree=6
num_leaves=11
num_cat=0
split_feature=13 1 28 16 23 30 1 27 30 2
split_gain=837.415 493.735 165.19 108.94 106.133 75.0022 46.4187 19.7231 17.4877 17.4344
threshold=3.5000000000000004 240.50000000000003 -0.97768205109105188 97150.970921454966 4000000.0000000005 7313.0666666666675 67.500000000000014 0.053966268295123292 8743.7500000000018 20.500000000000004
decision_type=2 2 2 2 2 2 2 2 2 2
left_child=2 -2 3 -1 5 -4 -7 -8 -9 -3
right_child=1 9 4 -5 -6 6 7 8 -10 -11
leaf_value=0.1169981731302385 -0.030375134661136505 -0.029583303554371731 -0.030371608272480501 0.19937573869426775 0.15688571755864913 -0.031724498872488995 0.1222443254124051 -0.035998231385283727 0.099572662023878003 0.10492097412163912
leaf_weight=36.134223243221641 70.922353635076433 0.87968592904508014 3.9881940698251119 24.188957007601857 29.309144658967853 2.4103927752003065 35.074697237461805 0.84867787174880405 3595.7446928406134 38.657864860258996
leaf_count=49 8675 104 488 3 17 206 24 25 706 8
internal_value=0.0983876 0.0169781 0.1008 0.150063 0.099989 0.0995301 0.0996728 0.0997602 0.0995405 0.101914
internal_weight=3838.16 110.46 3727.7 60.3232 3667.38 3638.07 3634.08 3631.67 3596.59 39.5376
internal_count=10305 8787 1518 52 1466 1449 961 755 731 112
is_linear=0
shrinkage=0.03


Tree=7
num_leaves=13
num_cat=0
split_feature=13 1 27 1 23 30 1 1 25 21 9 31
split_gain=711.797 448.725 113.974 80.5941 73.9213 69.5613 36.2747 36.0468 15.2028 12.234 18.174 11.9576
threshold=3.5000000000000004 240.50000000000003 0.07007883479421477 243.50000000000003 4000000.0000000005 8743.7500000000018 184.50000000000003 67.500000000000014 15.725142857142858 61615.195000000007 10.987845560073403 497165.9786429599
decision_type=2 2 2 2 2 2 2 2 2 2 2 2
left_child=2 -2 3 6 5 -4 -1 -7 -3 10 -9 -11
right_child=1 8 4 -5 -6 7 -8 9 -10 11 -12 -13
leaf_value=-0.030471556091107257 -0.030364553536885899 -0.029565125500927616 -0.03204770183899773 0.1688323786458901 0.1383145853111806 -0.031848733174074731 0.11200396446033711 0.091285675290989174 0.097445829850831625 0.092164637762381887 0.12062064504584454 0.099779480950526703
leaf_weight=1.6366197997704137 68.849907682277262 0.85851335898041625 4.0153232985176137 27.65089495619759 32.204729971475899 2.0801337454468003 74.292375070042908 42.020796435885131 40.349043156020343 3462.2114705117419 35.362842559814453 198.81902578752488
leaf_count=190 8675 103 387 2 14 171 38 15 9 690 1 10
internal_value=0.0917351 0.0164957 0.093869 0.124935 0.0930165 0.0926265 0.108925 0.0927605 0.0947859 0.09283 0.104709 0.0925785
internal_weight=3990.35 110.057 3880.29 103.58 3776.71 3744.51 75.929 3740.49 41.2076 3738.41 77.3836 3661.03
internal_count=10305 8787 1518 230 1288 1274 228 887 112 716 16 700
is_linear=0
shrinkage=0.03


Tree=8
num_leaves=11
num_cat=0
split_feature=13 1 13 13 27 23 1 30 25 0
split_gain=619.142 166.777 84.9751 214.029 84.8152 52.8508 51.8571 49.0039 25.0429 10.9846
threshold=36.500000000000007 67.500000000000014 3.5000000000000004 35.500000000000007 0.07007883479421477 4000000.0000000005 243.50000000000003 8743.7500000000018 16.488916256157641 34250.000000000007
decision_type=2 2 2 2 2 2 2 2 2 2
left_child=1 -1 4 -4 6 7 8 -6 -3 -9
right_child=-2 2 3 -5 5 -7 -8 9 -10 -11
leaf_value=-0.030865591546472303 -0.030281784709157902 -0.030505269201101793 -0.03033150258701578 0.090400740393023954 -0.032464276788201463 0.12425187136308569 0.14726217119525198 0.083103007584986635 0.10340030320823383 0.087777953100060882
leaf_weight=10.720817781053482 40.727631994523108 1.2699692244641472 19.253014382906258 42.077598670963198 3.0774167603813103 34.742234033532441 30.699247406795621 531.31502771936357 78.022649598773569 3329.9589773481712
leaf_count=1255 5454 141 2373 46 275 10 2 369 33 347
internal_value=0.0860962 0.0872578 0.087569 0.0524966 0.0881054 0.0873715 0.114106 0.0870396 0.101248 0.087135
internal_weight=4121.86 4081.14 4070.42 61.3306 4009.09 3899.09 109.992 3864.35 79.2926 3861.27
internal_count=10305 4851 3596 2419 1177 1001 176 991 174 716
is_linear=0
shrinkage=0.03


Tree=9
num_leaves=12
num_cat=0
split_feature=32 32 32 27 30 23 5 25 28 9 5
split_gain=551.726 127.829 239.076 61.1027 55.2566 38.2493 36.4978 26.3527 21.2359 9.42131 6.69038
threshold=36.500000000000007 3.5000000000000004 35.500000000000007 0.07007883479421477 8743.7500000000018 4000000.0000000005 1.5000000000000002 16.488916256157641 -0.97768205109105188 10.441444401518558 1.5000000000000002
decision_type=2 2 2 2 2 2 2 2 2 2 2
left_child=1 3 -3 6 -5 8 -1 -8 10 -10 -6
right_child=-2 2 -4 4 5 -7 7 -9 9 -11 -12
leaf_value=0.1309604720255754 -0.0302730585254176 -0.03042823879521005 0.084832779737340908 -0.031934892914232883 -0.31403319743802222 0.11286260424046683 -0.030424827996587731 0.096035073494718209 0.078538181780712674 0.082812775470299971 -0.035314669385419023
leaf_weight=33.429498196113855 39.535173224285245 25.809394828975201 43.441187872551382 3.7942002937197676 0.076591782271861031 37.053299662657082 1.5026390179991711 81.41011262126267 545.4275804865174 3421.8793732337654 0.82802474498748779
leaf_count=9 5454 3274 59 387 1 14 178 43 444 424 18
internal_value=0.0812607 0.0823121 0.041873 0.0829908 0.0823678 0.0824763 0.104445 0.0937362 0.0821922 0.0822254 -0.0624166
internal_weight=4234.19 4194.65 69.2506 4125.4 4009.06 4005.26 116.342 82.9128 3968.21 3967.31 0.904617
internal_count=10305 4851 3333 1518 1288 901 230 221 887 868 19
is_linear=0
shrinkage=0.03


Tree=10
num_leaves=10
num_cat=0
split_feature=13 1 13 13 28 0 23 16 1
split_gain=495.69 134.483 64.387 177.715 43.9245 41.1997 28.7393 23.534 9.60703
threshold=36.500000000000007 67.500000000000014 3.5000000000000004 35.500000000000007 -0.97768205109105188 7000.2500000000009 4000000.0000000005 97150.970921454966 183.50000000000003
decision_type=2 2 2 2 2 2 2 2 2
left_child=1 -1 4 -4 7 -6 8 -3 -7
right_child=-2 2 3 -5 5 6 -8 -9 -10
leaf_value=-0.030835056189730561 -0.030264170761886908 0.085783568457290849 -0.030308409158501758 0.08040870055119391 -0.030045454044803337 0.07442886233392132 0.10385421434570867 0.11878212567347829 0.078558255299386773
leaf_weight=10.219943291973321 38.535347087308764 43.394225893542171 18.454086053185165 44.463964253664017 3.1590612642467013 604.41736510721967 39.032548767514527 35.728016892448068 3407.4223169912584
leaf_count=1254 5475 41 2417 50 420 417 12 2 288
internal_value=0.0768302 0.0778114 0.0780762 0.0479306 0.0785349 0.078102 0.0781865 0.100701 0.0779364
internal_weight=4244.83 4206.29 4196.07 62.9181 4133.15 4054.03 4050.87 79.1222 4011.84
internal_count=10376 4901 3647 2467 1180 1137 717 43 705
is_linear=0
shrinkage=0.03


Tree=11
num_leaves=13
num_cat=0
split_feature=13 1 13 1 27 28 0 25 1 27 5 0
split_gain=448.647 121.728 56.3736 162.571 38.8528 56.4499 25.2297 24.2899 21.1965 16.1414 5.26799 0.0475471
threshold=36.500000000000007 67.500000000000014 3.5000000000000004 240.50000000000003 0.07007883479421477 -0.72739531675958768 9805.0000000000018 11.947368421052634 184.50000000000003 0.06686299833728751 1.5000000000000002 16030.894700000003
decision_type=2 2 2 2 2 2 2 2 2 2 2 2
left_child=1 -1 4 -4 8 10 -7 -8 -3 -10 -6 -12
right_child=-2 2 3 -5 5 6 7 -9 9 -11 11 -13
leaf_value=-0.030811399011538093 -0.030255867527088063 -0.031135151755962598 -0.030299581862760314 0.076403670131980031 -0.26034180277943203 -0.029950246835949906 -0.040772257479415847 0.074442491461956084 0.085258264325567032 0.10887584083181841 -0.033539042423234668 -0.044002456537537149
leaf_weight=9.9254062147811037 37.40656659938395 1.2536017922684539 17.915300724562258 45.377278917469084 0.092234492301940363 2.0775019377470008 1.6383142750710238 4078.4418556783348 86.458863140549511 37.77947998046875 1.1604714100249114 2.1740847798064351
leaf_count=1254 5475 130 2405 62 1 279 21 631 39 1 57 21
internal_value=0.0731771 0.0740803 0.074324 0.046196 0.0747466 0.0742406 0.0743428 0.0743961 0.0912114 0.0924507 -0.047305 -0.0405619
internal_weight=4321.7 4284.29 4274.37 63.2926 4211.08 4085.58 4082.16 4080.08 125.492 124.238 3.42679 3.33456
internal_count=10376 4901 3647 2467 1180 1010 931 652 170 40 79 78
is_linear=0
shrinkage=0.03


Tree=12
num_leaves=11
num_cat=0
split_feature=13 1 30 13 13 27 28 23 1 28
split_gain=408.557 110.861 53.8776 42.7462 140.781 34.2559 46.7826 19.4454 12.2787 2.8754
threshold=36.500000000000007 67.500000000000014 7313.0666666666675 3.5000000000000004 35.500000000000007 0.07007883479421477 -0.72739531675958768 4000000.0000000005 243.50000000000003 -1.2574064118717365
decision_type=2 2 2 2 2 2 2 2 2 2
left_child=1 -1 -3 5 -5 8 9 -8 -4 -7
right_child=-2 2 3 4 -6 6 7 -9 -10 -11
leaf_value=-0.030788115861981429 -0.03024776000418752 -0.030809952839050209 0.080530669812693356 -0.030296525562929909 0.072989756528846789 -0.17735090361341643 0.070886884920186147 0.091467612674482224 0.10073908731063075 -0.041317271064488327
leaf_weight=9.6392483110539597 36.310620978940278 4.6624214481562367 88.696659049019217 15.988278897013513 46.083941997028887 0.14032085426151786 4098.3455432178453 41.95312331430614 39.577404022216797 2.7960552666336289
leaf_count=1254 5475 603 42 2197 50 3 691 11 1 49
internal_value=0.0699526 0.0707895 0.0710154 0.0711251 0.0463803 0.0714845 0.0710108 0.0710957 0.0867754 -0.0484996
internal_weight=4384.19 4347.88 4338.24 4333.58 62.0722 4271.51 4143.24 4140.3 128.274 2.93638
internal_count=10376 4901 3647 3044 2247 797 754 702 43 52
is_linear=0
shrinkage=0.03


Tree=13
num_leaves=11
num_cat=0
split_feature=13 1 30 13 1 27 28 30 1 28
split_gain=373.979 101.488 49.3211 37.9823 130.053 27.4056 43.3156 15.6091 9.38163 2.36323
threshold=36.500000000000007 67.500000000000014 7313.0666666666675 3.5000000000000004 240.50000000000003 0.07007883479421477 -0.72739531675958768 17998.924731182797 243.50000000000003 -1.2574064118717365
decision_type=2 2 2 2 2 2 2 2 2 2
left_child=1 -1 -3 5 -5 8 9 -8 -4 -7
right_child=-2 2 3 4 -6 6 7 -9 -10 -11
leaf_value=-0.030765202129889566 -0.030239843387450935 -0.030783969349409114 0.076562949030361357 -0.030288056707162045 0.069889936372947187 -0.16048317292460276 0.056690199936804311 0.068456168230089223 0.093959806910541982 -0.040912812854658649
leaf_weight=9.3612347878515703 35.246568171773106 4.5283960038796058 90.466362838633358 15.535481871105729 46.681336645968258 0.15129146911203895 104.71588808856905 4083.4393010884523 41.13531494140625 2.7399343037977806
leaf_count=1254 5475 603 42 2187 60 3 200 502 1 49
internal_value=0.0670785 0.0678584 0.0680689 0.0681711 0.0448699 0.0685063 0.068082 0.0681622 0.0820098 -0.0478047
internal_weight=4434 4398.75 4389.39 4384.86 62.2168 4322.65 4191.05 4188.16 131.602 2.89123
internal_count=10376 4901 3647 3044 2247 797 754 702 43 52
is_linear=0
shrinkage=0.03


Tree=14
num_leaves=12
num_cat=0
split_feature=13 1 21 13 13 25 27 28 1 13 1
split_gain=343.928 93.3438 46.1296 38.5832 127.183 24.4685 19.372 42.9045 8.35518 0.0288024 0.0104869
threshold=36.500000000000007 67.500000000000014 30062301.190000001 3.5000000000000004 35.500000000000007 11.947368421052634 0.07007883479421477 -0.72739531675958768 243.50000000000003 4.5000000000000009 151.50000000000003
decision_type=2 2 2 2 2 2 2 2 2 2 2
left_child=1 -1 3 5 -5 -3 8 -8 -7 10 -4
right_child=-2 2 9 4 -6 6 7 -9 -10 -11 -12
leaf_value=-0.030742656034467061 -0.030232115277608673 -0.041114190388931354 -0.027423434710577118 -0.030270588749790234 0.067163619704518673 0.072018601288245637 -0.045842068501544042 0.06562845577915595 0.088190867243333665 -0.028243108639583507 -0.044901221827930791
leaf_weight=9.0911381952464563 34.213490960653871 1.9139336454682041 0.18195665348321188 16.190001996234059 47.127044484019279 92.862205944955349 3.100182485766708 4221.281387437135 42.486278192140162 0.29460887098684896 3.0458316346630454
leaf_count=1254 5475 29 10 2375 50 159 76 880 2 42 24
internal_value=0.0645065 0.065237 0.0654342 0.0655206 0.0422444 0.0658584 0.0659055 0.0655465 0.0771035 -0.0429391 -0.0440964
internal_weight=4471.79 4437.57 4428.48 4424.96 63.317 4361.64 4359.73 4224.38 135.348 3.5224 3.22779
internal_count=10376 4901 3647 3571 2425 1146 1117 956 161 76 34
is_linear=0
shrinkage=0.03


Tree=15
num_leaves=12
num_cat=0
split_feature=13 0 1 28 15 28 13 28 0 1 13
split_gain=321.263 101.927 62.5342 59.4176 55.7783 33.0292 15.0737 7.12935 0.215639 0.0698024 0.0263666
threshold=36.500000000000007 5985.0000000000009 67.500000000000014 -0.94026075764090866 7792.5000000000009 -0.73663582987940135 3.5000000000000004 -0.97768205109105188 11012.500000000002 154.50000000000003 3.5000000000000004
decision_type=2 2 2 2 2 2 2 2 2 2 2
left_child=1 -1 -3 7 8 10 -7 -4 -5 -10 -6
right_child=-2 2 3 4 5 6 -8 -9 9 -11 -12
leaf_value=-0.030611305461447542 -0.030224455583284598 -0.030638621328788574 0.080119145341324985 -0.029777483379846939 -0.042165936846308857 0.063494657650149736 0.0480065730779385 0.097697638356224498 -0.028451928327419995 -0.049563667095056857 -0.028768552525106992
leaf_weight=10.377333177253602 33.308718732558191 6.3365546334534875 44.656240829732269 0.8971415301784863 2.3458233824931081 4528.9309272174723 57.593399570323527 40.306100245565176 0.26984538836404715 3.1579624940641224 0.41091015469282854
leaf_count=1421 5491 905 49 91 28 668 1596 20 18 32 63
internal_value=0.0626024 0.0632611 0.0634691 0.0635967 0.0631364 0.0632379 0.0633003 0.0884724 -0.0444274 -0.0480766 -0.0403886
internal_weight=4728.59 4695.28 4684.9 4678.57 4593.61 4589.28 4586.52 84.9623 4.32495 3.42781 2.75673
internal_count=10382 4891 3470 2565 2496 2355 2264 69 141 50 91
is_linear=0
shrinkage=0.03


Tree=16
num_leaves=13
num_cat=0
split_feature=13 9 1 15 28 2 28 28 9 1 18 19
split_gain=297.509 94.3934 57.9091 52.6224 47.3499 37.6914 29.1893 5.53258 0.190852 0.0586046 0.0557419 0.0191462
threshold=36.500000000000007 8.6971755487682554 67.500000000000014 7792.5000000000009 -0.94026075764090866 9.5000000000000018 -0.73663582987940135 -0.97768205109105188 9.306876427944534 154.50000000000003 17.500000000000004 9823.1015621287734
decision_type=2 2 2 2 2 2 2 2 2 2 2 2
left_child=1 -1 -3 8 7 10 -7 -5 -4 -10 -6 -11
right_child=-2 2 3 4 5 6 -8 -9 9 11 -12 -13
leaf_value=-0.030592437716897961 -0.030217085375096629 -0.030617512971910066 -0.0297536787239015 0.076065027114032777 -0.04052098629657136 -0.040681823243800153 0.061213985325420821 0.091353694373470254 -0.028377513788341347 -0.038660375506829332 -0.030307189267304347 -0.050703874551910798
leaf_weight=10.076760180294512 32.332064852118492 6.1534637021832159 0.88344912463799019 45.614895730279386 1.0825435463339084 2.5216527688316992 4602.2287253765389 41.78856101538986 0.26257249107584391 0.58477967558428678 2.7041612584143877 2.5352435209788382
leaf_count=1421 5491 905 92 48 44 71 1996 20 18 7 244 25
internal_value=0.0604613 0.0610831 0.0612795 0.0613999 0.0614956 0.0610802 0.061158 0.0833878 -0.0437943 -0.0472744 -0.0334052 -0.0486732
internal_weight=4748.77 4716.44 4706.36 4700.21 4695.94 4608.54 4604.75 87.4035 4.26604 3.3826 3.7867 3.12002
internal_count=10382 4891 3470 2565 2423 2355 2067 68 142 50 288 32
is_linear=0
shrinkage=0.03


Tree=17
num_leaves=13
num_cat=0
split_feature=13 0 1 15 28 2 28 28 0 1 18 19
split_gain=276.419 87.7056 53.8038 49.2574 38.3675 35.1094 27.2931 4.39259 0.166122 0.0485697 0.0482059 0.0115738
threshold=36.500000000000007 5985.0000000000009 67.500000000000014 7792.5000000000009 -0.94026075764090866 9.5000000000000018 -0.73663582987940135 -0.97768205109105188 11012.500000000002 154.50000000000003 17.500000000000004 9823.1015621287734
decision_type=2 2 2 2 2 2 2 2 2 2 2 2
left_child=1 -1 -3 8 7 10 -7 -5 -4 -10 -6 -11
right_child=-2 2 3 4 5 6 -8 -9 9 11 -12 -13
leaf_value=-0.030573894593882496 -0.030209883773303567 -0.030596694714217366 -0.029721735795117867 0.072469743638686857 -0.04017049820284152 -0.040292631218828368 0.059245746310729402 0.08595402496104744 -0.028302241851049698 -0.038284931358068548 -0.030285043467025128 -0.049706421986591282
leaf_weight=9.7847945750690979 31.383877150248736 5.9756101360544553 0.85825743107125063 46.428946400992572 1.0596629357896739 2.470500362571328 4612.2909646588378 43.061347411479801 0.25550603447482023 0.57307416805997524 2.6261385320685804 2.5091282166540623
leaf_count=1421 5491 905 92 48 44 71 1996 20 18 7 244 25
internal_value=0.058515 0.0591041 0.0592902 0.0594043 0.0594959 0.0591183 0.0591923 0.0789704 -0.0432149 -0.0464958 -0.0333093 -0.0478105
internal_weight=4759.28 4727.89 4718.11 4712.13 4707.94 4618.45 4614.76 89.4903 4.19597 3.33771 3.6858 3.0822
internal_count=10382 4891 3470 2565 2423 2355 2067 68 142 50 288 32
is_linear=0
shrinkage=0.03


Tree=18
num_leaves=13
num_cat=0
split_feature=13 0 1 15 28 28 13 28 0 1 13 28
split_gain=257.576 81.7305 50.1365 46.2139 31.3606 26.9763 16.7751 3.54816 0.144352 0.0397877 0.0106095 0.0051092
threshold=36.500000000000007 5985.0000000000009 67.500000000000014 7792.5000000000009 -0.94026075764090866 -0.73663582987940135 3.5000000000000004 -0.97768205109105188 11012.500000000002 154.50000000000003 3.5000000000000004 0.28564094137739177
decision_type=2 2 2 2 2 2 2 2 2 2 2 2
left_child=1 -1 -3 8 7 10 -7 -5 -4 -10 -6 -11
right_child=-2 2 3 4 5 6 -8 -9 9 11 -12 -13
leaf_value=-0.030555668129830273 -0.030202845901679726 -0.030576161086107421 -0.029689609715436306 0.069278406042627028 -0.04080328375630423 0.057587089536292921 0.041534480516324121 0.081301764554220904 -0.028226075494419155 -0.048771962856706777 -0.028594388673101059 -0.03792446357506514
leaf_weight=9.5011949208565039 30.463336421642452 5.8028465788811436 0.83379048435017367 47.100334940478206 2.2193777910433705 4557.7402617670596 59.610115622635931 44.14275121409446 0.24864033795893226 2.4811004344373946 0.3698575529269873 0.56143672205507744
leaf_count=1421 5491 905 92 48 28 668 1596 20 18 25 63 7
internal_value=0.0567369 0.0572969 0.0574739 0.0575823 0.0576703 0.0573257 0.05738 0.0751068 -0.0426653 -0.0457618 -0.0392915 -0.0469994
internal_weight=4761.08 4730.61 4721.11 4715.31 4711.18 4619.94 4617.35 91.2431 4.12497 3.29118 2.58924 3.04254
internal_count=10382 4891 3470 2565 2423 2355 2264 68 142 50 91 32
is_linear=0
shrinkage=0.03


end of trees

feature_importances:
transdate_day=41
beneficiary_tx_count=34
amount_per_user_std=24
amount=20
amount_per_user_mean=15
beneficiary_amount_mean=13
hour_mean=10
amount_max=7
hour=6
day_of_month=5
amount_count=5
amount_sum=5
log_amount=4
amount_rolling_mean=4
amount_rolling_std=4
amount_min=4
month=3
beneficiary_amount_count=3
amount_mean=2
amount_std=2
beneficiary_id_nunique=1
hour_std=1
hour_diff_from_mean=1
beneficiary_amount_std=1

parameters:
[boosting: gbdt]
[objective: binary]
[metric: auc]
[tree_learner: serial]
[device_type: cpu]
[data_sample_strategy: bagging]
[data: ]
[valid: ]
[num_iterations: 2000]
[learning_rate: 0.03]
[num_leaves: 31]
[num_threads: 0]
[seed: 42]
[deterministic: 0]
[force_col_wise: 0]
[force_row_wise: 1]
[histogram_pool_size: -1]
[max_depth: 7]
[min_data_in_leaf: 3]
[min_sum_hessian_in_leaf: 0.001]
[bagging_fraction: 0.85]
[pos_bagging_fraction: 1]
[neg_bagging_fraction: 1]
[bagging_freq: 5]
[bagging_seed: 400]
[bagging_by_query: 0]
[feature_fraction: 0.85]
[feature_fraction_bynode: 1]
[feature_fraction_seed: 30056]
[extra_trees: 0]
[extra_seed: 12879]
[early_stopping_round: 0]
[early_stopping_min_delta: 0]
[first_metric_only: 0]
[max_delta_step: 0]
[lambda_l1: 0.01]
[lambda_l2: 0.01]
[linear_lambda: 0]
[min_gain_to_split: 0]
[drop_rate: 0.1]
[max_drop: 50]
[skip_drop: 0.5]
[xgboost_dart_mode: 0]
[uniform_drop: 0]
[drop_seed: 17869]
[top_rate: 0.2]
[other_rate: 0.1]
[min_data_per_group: 100]
[max_cat_threshold: 32]
[cat_l2: 10]
[cat_smooth: 10]
[max_cat_to_onehot: 4]
[top_k: 20]
[monotone_constraints: ]
[monotone_constraints_method: basic]
[monotone_penalty: 0]
[feature_contri: ]
[forcedsplits_filename: ]
[refit_decay_rate: 0.9]
[cegb_tradeoff: 1]
[cegb_penalty_split: 0]
[cegb_penalty_feature_lazy: ]
[cegb_penalty_feature_coupled: ]
[path_smooth: 0]
[interaction_constraints: ]
[verbosity: -1]
[saved_feature_importance_type: 0]
[use_quantized_grad: 0]
[num_grad_quant_bins: 4]
[quant_train_renew_leaf: 0]
[stochastic_rounding: 1]
[linear_tree: 0]
[max_bin: 255]
[max_bin_by_feature: ]
[min_data_in_bin: 3]
[bin_construct_sample_cnt: 200000]
[data_random_seed: 175]
[is_enable_sparse: 1]
[enable_bundle: 1]
[use_missing: 1]
[zero_as_missing: 0]
[feature_pre_filter: 1]
[pre_partition: 0]
[two_round: 0]
[header: 0]
[label_column: ]
[weight_column: ]
[group_column: ]
[ignore_column: ]
[categorical_feature: ]
[forcedbins_filename: ]
[precise_float_parser: 0]
[parser_config_file: ]
[objective_seed: 16083]
[num_class: 1]
[is_unbalance: 0]
[scale_pos_weight: 189.297]
[sigmoid: 1]
[boost_from_average: 1]
[reg_sqrt: 0]
[alpha: 0.9]
[fair_c: 1]
[poisson_max_delta_step: 0.7]
[tweedie_variance_power: 1.5]
[lambdarank_truncation_level: 30]
[lambdarank_norm: 1]
[label_gain: ]
[lambdarank_position_bias_regularization: 0]
[eval_at: ]
[multi_error_top_k: 1]
[auc_mu_weights: ]
[num_machines: 1]
[local_listen_port: 12400]
[time_out: 120]
[machine_list_filename: ]
[machines: ]
[gpu_platform_id: -1]
[gpu_device_id: -1]
[gpu_use_dp: 0]
[num_gpu: 1]

end of parameters

pandas_categorical:[]
